sample	filename	hky.kappa.mean	hky.kappa.stderr	hky.kappa.stddev	hky.kappa.median	hky.kappa.95%HPDlo	hky.kappa.95%HPDup	hky.kappa.ACT	hky.kappa.ESS	hky.kappa.geometric-mean	
0	testKappa0.log	5.520337923882495	0.28752350826347467	8.6870779382197	2.8794698695324326	0.03543551931342753	17.338634400940172	1.0965624232089577	912.8527285028555	2.771468218355173	
1	testKappa1.log	5.467710853001729	0.3224631556719423	10.182271842331442	2.67113365335423	0.03977026061132212	21.529151944983575	1.0039333974999707	997.0780955118382	2.6272657541329143	
2	testKappa10.log	5.913210271502652	0.3547129154215818	11.222614384324409	2.635470243213946	0.11396234992392959	21.818421733515994	1.0	1001.0	2.629240343259239	
3	testKappa11.log	5.839449127709785	0.3149347606707254	9.559124364435919	2.6794251972620375	0.06663393029712995	22.443260474460292	1.086523315501426	921.2871787643533	2.718597718047013	
4	testKappa12.log	6.031050053652385	0.32962628327508103	10.10325139972637	2.713653357560662	0.05838448830216084	22.880536959721287	1.0655048360866792	939.4607758669697	2.733454529921284	
5	testKappa13.log	6.365114354442372	0.44825102202512107	13.442414369337794	2.5882584167756764	0.05669345350789603	23.214754005666368	1.1130690248527402	899.3152964008077	2.6786242973380756	
6	testKappa14.log	5.893368485187168	0.33385839315189186	10.32235833946017	2.7356417715390107	0.035683703749668456	20.536096725492943	1.0471305062027665	955.9457909692168	2.6729907918564013	
7	testKappa15.log	5.679210299854309	0.3009004168419316	9.390041384551457	2.6548199479810557	0.08029926218168132	19.902098547433024	1.0278852725565213	973.8440920652038	2.7221184349102554	
8	testKappa16.log	5.641983104403184	0.2697342770751215	8.534010593470553	2.829607208210067	0.024419633359520104	19.178512457632888	1.0	1001.0	2.801362518315334	
9	testKappa17.log	5.31559872558847	0.28652675747582007	9.06530089585321	2.594338332366856	0.06294296980444841	19.80932504984617	1.0	1001.0	2.6274195026224936	
10	testKappa18.log	6.216967420331163	0.5407008163848972	17.107008219210442	2.7605537716285813	0.05049757712890908	20.04645193037622	1.0	1001.0	2.7848272722371123	
11	testKappa19.log	5.549589776737913	0.2582077489522192	8.169327564774914	2.7957816951704904	0.044059208432224196	18.79032761992442	1.0	1001.0	2.761853484196966	
12	testKappa2.log	6.193851517349207	0.34339146415679195	10.384735017404338	3.107624461004163	0.0662396486797973	24.221949274448576	1.0945162904005357	914.5592521365638	2.932723276905881	
13	testKappa20.log	6.1048723459381575	0.33557595544722796	10.617148067922678	2.874557053589891	0.03493809645281485	21.805433008437436	1.0	1001.0	2.8112438395887613	
14	testKappa21.log	5.845026071474828	0.36944152467258895	11.543743443028797	2.7125001303163927	0.06659332631021433	20.47448170056501	1.0252556258827727	976.341874874485	2.717551400644862	
15	testKappa22.log	5.8918580614459435	0.3440192642396842	10.586901795839513	2.784111919381565	0.04380832714978677	21.866781855210274	1.056967986776876	947.0485506873816	2.7275114169357813	
16	testKappa23.log	5.647605020700391	0.31133155258164014	9.411711964423466	2.6240185640526437	0.07997762659081255	20.000341010616058	1.095325244557159	913.8838029837477	2.676460118726527	
17	testKappa24.log	5.536858548122836	0.2927217983946414	8.848512417593815	2.5896877984249427	0.05098552232988153	19.54862283460528	1.095478043318961	913.7563332326391	2.641161630858648	
18	testKappa25.log	5.524310377437071	0.3181178233349491	10.06479748792241	2.643168754682252	0.06765014347786405	19.90981809169016	1.0	1001.0	2.6282828923377366	
19	testKappa26.log	6.127614580593049	0.4339716927956834	13.730249873112248	2.633212304170789	0.04028317839094897	20.994642172406444	1.0	1001.0	2.6724300999325887	
20	testKappa27.log	6.240350968992031	0.3548937615415968	11.22833609949065	2.8932633884799848	0.02838093115890853	20.956120427616383	1.0	1001.0	2.7980324290728245	
21	testKappa28.log	5.754507239786345	0.32972945485616073	9.773898357909788	2.530221748681703	0.034842174612558105	22.06498343595509	1.1392366024443965	878.6585664928691	2.6139458607730366	
22	testKappa29.log	6.435620107164307	0.39556277221113134	10.81668749376485	2.8449383213291313	0.04052574935590471	23.770228607652612	1.3386786466315899	747.7522723760003	2.9378439270008734	
23	testKappa3.log	5.836755111445287	0.3212275628569498	10.16318524312898	2.628361301237158	0.07640931594749419	21.7676141170048	1.0	1001.0	2.7002404308740022	
24	testKappa30.log	5.894042310662491	0.3572191168394603	11.209373303691212	2.5788144208999566	0.07035535637995592	20.413694806952535	1.0165782112604833	984.6758359682258	2.6568156351175123	
25	testKappa31.log	5.446257120576811	0.2693725865465122	8.286604433746476	2.55832601505752	0.05099151980171941	20.236036445707633	1.0577612531414635	946.3383131374048	2.6474582938567366	
26	testKappa32.log	5.956310856187744	0.4331579883129778	13.704505415453166	2.9367241595303706	0.05159616677007218	21.172371905362162	1.0	1001.0	2.775956991039372	
27	testKappa33.log	5.931855399972903	0.36609925869068577	11.58286216274214	2.871553087982671	0.035648436346501756	20.423486542192826	1.0	1001.0	2.712721226795784	
28	testKappa34.log	5.6072884260655655	0.2886458925491634	9.132347328961414	2.778681203492712	0.06840276080948393	21.579800854267294	1.0	1001.0	2.692602396610797	
29	testKappa35.log	5.386698085930256	0.2901464483508782	8.13572551564353	2.87454415638905	0.03768417286924406	18.463391205145786	1.273139578233823	786.245292435766	2.7329981520909716	
30	testKappa36.log	5.9326952199414515	0.4192630028058204	13.264887748762714	2.7915446746969805	0.048600822287400626	19.1661762906403	1.0	1001.0	2.6946994585142545	
31	testKappa37.log	5.931909875188365	0.35811386225616243	11.330215526562842	2.8918024919889804	0.03151987620785108	19.602733730617455	1.0	1001.0	2.7900990993048187	
32	testKappa38.log	6.226844844150958	0.35914240826595606	11.086988087256541	2.915144979507232	0.07285873016893975	22.010076444474475	1.05036513275892	953.0019312148565	2.8981107643471935	
33	testKappa39.log	5.525376203187538	0.3734413481714666	11.815155477802511	2.467641401063157	0.0591923832800934	19.983668383979175	1.0	1001.0	2.524257910951016	
34	testKappa4.log	5.8491724623992205	0.34316282853805113	10.530557415834057	2.7204026518834854	0.04978977303636652	21.11921545930496	1.0629964996882701	941.6776069286673	2.6396218937877642	
35	testKappa40.log	5.605059481748914	0.26622042112077043	8.422837166557482	2.8905045010720363	0.048038224937890533	19.41236353979246	1.0	1001.0	2.881982818319902	
36	testKappa41.log	5.952898571633559	0.3332811028868475	10.467325062415256	2.7678473118088665	0.07182230504201399	22.511750743451472	1.0148083552502423	986.3931399669672	2.7355287686512044	
37	testKappa42.log	5.671278638929119	0.2874876078433314	8.900827340993056	2.7262836803038346	0.02979375526835226	20.186646940060644	1.0442670685163358	958.5670468591829	2.7301201275131723	
38	testKappa43.log	6.276689587095183	0.4922435205228019	13.182626387600818	2.607861519472682	0.05054472470739378	20.273070698505997	1.3956939830267183	717.205929217535	2.7348581092943682	
39	testKappa44.log	6.026505693954761	0.3934060399592427	11.001866383307073	2.8519487461551796	0.06771569573227222	21.499756473107233	1.279921669360252	782.0791099664198	2.794148182039087	
40	testKappa45.log	5.421582594786262	0.266760421079167	8.439922000622326	2.6166406053381945	0.04081534928008951	20.12908093228532	1.0	1001.0	2.6108370843079864	
41	testKappa46.log	5.401967032434469	0.2499524625411149	7.694418941890033	2.775090367067958	0.03445656028496779	18.797212663296158	1.0563242727506401	947.6256731215906	2.718104877113581	
42	testKappa47.log	5.749459301303978	0.3555928741532235	9.92929042484743	2.5875420780886	0.06603358600942884	22.359335949490944	1.2838188525948497	779.7050167761462	2.7344553928943522	
43	testKappa48.log	6.001554675783841	0.3027595923268212	9.488506687821323	2.975101155882933	0.05806634926721336	22.51276989257773	1.0191407450860086	982.1999609244574	2.9098410956283454	
44	testKappa49.log	5.701389084874202	0.29586202775866516	8.82788165044498	2.5886773776840806	0.04649128657867425	22.70087141747064	1.1243448421594109	890.2962529516163	2.6287310863938194	
45	testKappa5.log	6.175743752072853	0.36330862208558284	11.494570371988967	2.930437720433985	0.049069096576908604	22.63320992566954	1.0	1001.0	2.852469764155088	
46	testKappa50.log	5.946034533701882	0.3267128156329011	10.336730874056691	2.6915549435709596	0.041779977831890684	21.888258788958392	1.0	1001.0	2.678411671490009	
47	testKappa51.log	5.826899760623533	0.40772872626829315	12.89995957119979	2.417808728351022	0.06462166380194544	19.958924806248586	1.0	1001.0	2.5107130784761607	
48	testKappa52.log	5.513455402953322	0.27237972038223796	8.617708673863469	2.5350511454091937	0.027603569832672453	22.172272130869846	1.0	1001.0	2.5860834643068777	
49	testKappa53.log	6.252212485168446	0.4160080070912527	10.51519239923852	2.7717801625667122	0.043287672417911004	24.34080855682813	1.5667619290318844	638.8973215723505	2.83159040802311	
50	testKappa54.log	6.301820649971627	0.4614510500848521	14.59965782804642	2.778440387775148	0.04884385909222568	21.819613814211763	1.0	1001.0	2.770152840529007	
51	testKappa55.log	6.388739117772923	0.49372495640202363	15.620758525332704	3.104533623572526	0.04747003172457038	19.117106090840586	1.0	1001.0	2.971435328665036	
52	testKappa56.log	6.490302723202209	0.4462296206017086	13.924693835962579	2.7277382232815626	0.02087100178979918	22.209424966900624	1.0279679107907962	973.7658048391313	2.7789855607374663	
53	testKappa57.log	6.219995649897172	0.3801647895611403	12.02787564324175	2.6883030096145	0.06697669444453531	23.73060998898474	1.0	1001.0	2.6534300623028373	
54	testKappa58.log	6.295153058570839	0.39824300931840634	12.576624583314842	2.617047406530968	0.06518252908396371	22.925168326017136	1.003696026830942	997.3139010628004	2.698052902859885	
55	testKappa59.log	5.82839690500854	0.3426878419731374	10.163694940071101	2.872010481968925	0.05258993253644874	21.907773613455173	1.1379632264933268	879.6417816458061	2.7357419631559488	
56	testKappa6.log	6.266341492535317	0.3394762457722838	10.636873283859794	2.8017001359877143	0.054724356847929034	22.40667847254378	1.0195884047021189	981.768717046611	2.805293116724829	
57	testKappa60.log	5.828853242839645	0.34996365372536126	10.010479788437122	2.553497613506247	0.06060583572673428	23.2662071913367	1.2234047865939193	818.2083403375294	2.5438921562874195	
58	testKappa61.log	6.421633616665599	0.39227982938687406	11.508841982590162	2.778629820776828	0.040789556326338565	22.722381871029476	1.1629546473998928	860.7386386373817	2.8552047144623995	
59	testKappa62.log	5.764179077904129	0.381660956352312	12.075212242000767	2.5353982681635916	0.05398168068317662	19.1051837980539	1.0	1001.0	2.5206974072149557	
60	testKappa63.log	5.987059331893496	0.3153068409233649	9.975861984661035	2.7976400297716033	0.06344324407856605	19.871788628625826	1.0	1001.0	2.817505662250776	
61	testKappa64.log	5.308261498288519	0.26416129833701346	8.357689437316735	2.534059345395115	0.0587195370818523	20.364089361255445	1.0	1001.0	2.519005083155277	
62	testKappa65.log	6.045128976734379	0.3752089205238611	11.871078964218958	2.872025514976108	0.009044225750484752	22.08770822948816	1.0	1001.0	2.7076538317840266	
63	testKappa66.log	5.968186574838179	0.2996326111268797	9.479951547996572	2.7382890630680943	0.029805065075844284	21.386560139099334	1.0	1001.0	2.719575265350351	
64	testKappa67.log	6.206678062004967	0.32159987316007316	10.174964613942976	2.8581947661511915	0.013874902148134801	24.54071251130987	1.0	1001.0	2.8160852844619644	
65	testKappa68.log	5.955866501952499	0.3309525999818227	10.470871647487762	2.52229370717221	0.06452204463638547	23.058912635323612	1.0	1001.0	2.6482976370833486	
66	testKappa69.log	5.7398497100208425	0.39828414634368464	12.012694783081479	2.5487132307544162	0.10705786564786336	20.529555823754883	1.1003712414970215	909.6929856492524	2.4964617519037833	
67	testKappa7.log	5.475673175549903	0.30663350761127794	9.216262380258739	2.617916955362866	0.060868147185806895	20.471874279960556	1.1080609218610091	903.3799317810086	2.6403324570038595	
68	testKappa70.log	6.17239177382949	0.3269167359424903	10.052988711900142	2.7777813667737865	0.0361287180955158	26.486791490857044	1.0585661342741441	945.6187644680159	2.841172839117959	
69	testKappa71.log	6.2179672370503045	0.4955383170456998	13.41097960566695	2.5416975110067868	0.09236534883301735	21.732746470678745	1.3666822576499487	732.4306687944056	2.691527983092861	
70	testKappa72.log	6.213331774301322	0.35829502599457175	11.335947290725343	2.718912925410675	0.09864951568871885	22.38518829992412	1.0	1001.0	2.859946016466287	
71	testKappa73.log	6.167244418101671	0.43640828435391016	12.997412993133226	2.651581693767682	0.11109200112478564	21.59260603167165	1.128512079714064	887.0086709693243	2.6619792942005067	
72	testKappa74.log	5.773674471952322	0.3274660075829973	10.207901855093835	2.6319512824684095	0.04353384968083509	21.575552294384117	1.0301336069900413	971.7186132047792	2.717764541603951	
73	testKappa75.log	5.895161883536639	0.40902434199470983	10.74867173759005	2.5623385794159033	0.018271110733355668	19.917862116757444	1.4495152444465293	690.5756968304348	2.7080364682273763	
74	testKappa76.log	5.1210784526272874	0.24630995698094038	7.129270772754881	2.4627877948386265	0.06619768774268857	19.422959246014553	1.1948346120704396	837.7728514789522	2.582525763258449	
75	testKappa77.log	6.896464385855509	0.41784735543056484	13.01269801859524	2.8922269977852486	0.08862472961256726	27.0444667108363	1.0321306866945437	969.8384254088584	2.9848830062147327	
76	testKappa78.log	5.346355957944413	0.2665762259515155	8.434094327596533	2.791596821424031	0.07627722136755292	18.990485152186675	1.0	1001.0	2.6596741855806845	
77	testKappa79.log	5.882179528110691	0.3223833098016978	10.19663417325493	2.6996058481616827	0.0862868298181105	21.603785179296185	1.0006115239908464	1000.3882385919404	2.766737601774619	
78	testKappa8.log	6.520020325960654	0.36731009357500166	11.621171263987057	2.6316410359262936	0.05040307657019954	23.422784902332477	1.0	1001.0	2.871703125620391	
79	testKappa80.log	5.634808581620484	0.31764168580246915	10.049733170586867	2.55622114457261	0.0823979721161964	19.868036877579474	1.0	1001.0	2.5893255457070903	
80	testKappa81.log	5.616723056000759	0.342785502596403	9.866327716925664	2.7946475640267336	0.0866044808941761	19.970981579271353	1.2082808601463826	828.4497694341773	2.6696861349576455	
81	testKappa82.log	6.326665874275866	0.41421022192260815	12.422281591171876	2.833066181508411	0.04941102851201077	23.634220564993043	1.112943103271727	899.4170475178407	2.787897063889172	
82	testKappa83.log	6.294678789158221	0.5861317683522644	17.767102746889197	2.8248807548737673	0.0495210483213184	20.60734777614636	1.0894100347389775	918.8459515519696	2.805963138194388	
83	testKappa84.log	5.5069246990825835	0.2842527650556528	8.904980142260083	2.669370598145588	0.07976256382998093	19.846032732548764	1.0199469009451159	981.4236398703118	2.6157837635346137	
84	testKappa85.log	6.730178334145029	0.395703100559933	12.519485801602924	2.692619842007796	0.05472570320052088	26.463539043756438	1.0	1001.0	2.779905280526631	
85	testKappa86.log	5.377943136709246	0.2813109580602493	8.73630830512226	2.548646027357212	0.04740286777349449	20.4588485845678	1.037890348130311	964.4564108368803	2.5017307454045845	
86	testKappa87.log	5.913053463823791	0.3200177906759009	9.905078715538636	2.780906116576872	0.10991886185363063	20.16449839650329	1.0448801054758259	958.0046502504291	2.7669933696763183	
87	testKappa88.log	5.50520273021334	0.29047735580425166	9.114321637794696	2.710265499936767	0.04166403472377997	19.531260141898553	1.0167400750421853	984.5190767743346	2.616147291363259	
88	testKappa89.log	5.703131536126262	0.30819388787609375	9.0061637644999	2.625990594504364	0.0556168588543329	23.21783433856362	1.1722019540762434	853.948414365885	2.6702395079460683	
89	testKappa9.log	6.298909292358641	0.38983266199519634	12.333753437726054	2.8132600010137208	0.06768094395442156	22.55696107645563	1.0	1001.0	2.804725040639639	
90	testKappa90.log	5.59341897485891	0.30125046001593314	9.531137996035476	2.643707004620914	0.039385467462591583	19.88347544433179	1.0	1001.0	2.6159187784561473	
91	testKappa91.log	6.191731490157879	0.40192491484031445	12.716335195588526	2.8419572677458826	0.05039391675516425	22.291704942783227	1.0	1001.0	2.8592757833319764	
92	testKappa92.log	5.9985178988250185	0.34420673138360025	10.031760244992515	2.6537990864581684	0.03170554271177884	21.700539815398102	1.1784699358797925	849.4064799817727	2.755270470057161	
93	testKappa93.log	6.2154567033959	0.431783770433705	11.846387730066814	2.6647347953513516	0.057799067316600214	21.732309628581053	1.3298260018627672	752.7300553590012	2.775137511247233	
94	testKappa94.log	5.499155221955598	0.26500684078624287	8.384441203155317	2.777351272415986	0.0470494447451708	21.46867688087047	1.0	1001.0	2.6414793152824183	
95	testKappa95.log	6.431920797455654	0.36620121653084825	11.586087964436569	2.95084081074797	0.05020249612905956	21.369897412560498	1.0	1001.0	2.930978313836065	
96	testKappa96.log	6.088231013622969	0.353261669632135	11.176699022453588	2.89281005527452	0.030429554743934616	19.957741314813585	1.0	1001.0	2.8024610120809936	
97	testKappa97.log	5.747034476861517	0.2599563785169242	8.22465172821111	3.0455208673052594	0.02797833167570903	20.245235861986345	1.0	1001.0	2.829870863294567	
98	testKappa98.log	6.177308053195455	0.35824002336343413	11.334207085357727	2.6219901743510357	0.06474535980660248	23.19551915456816	1.0	1001.0	2.7007902855125363	
99	testKappa99.log	5.9019894597261064	0.3700964257910882	11.433217799655571	2.5716666316535597	0.058189483864752714	22.4612109286294	1.048882660038858	954.3488877611112	2.542649989489649	
