sample	filename	hky.kappa.mean	hky.kappa.stderr	hky.kappa.stddev	hky.kappa.median	hky.kappa.95%HPDlo	hky.kappa.95%HPDup	hky.kappa.ACT	hky.kappa.ESS	hky.kappa.geometric-mean	
0	testKappa0.log	4.93958294921108	0.5351057912448001	5.377746646151722	3.0788318301460915	0.1778377906676531	16.126666040089187	1.0	101.0	2.8671109315170478	
1	testKappa1.log	4.121558275394226	0.6929069515392422	5.428508082692696	2.385908378841369	0.04843231301000893	12.751816338635754	1.6455467796774303	61.377775003028844	2.2154953389827954	
2	testKappa10.log	5.122846035650202	0.6709350553941442	6.742813856561004	3.1598096020236994	0.27702740615795013	17.032985055651128	1.0	101.0	2.73303433419238	
3	testKappa11.log	5.675347334914733	0.8447276116849797	8.48940743116055	3.1516070779383445	0.19139270258094201	25.75022656805855	1.0	101.0	2.881793229512052	
4	testKappa12.log	8.148528048360337	1.373320814757364	13.80170337620791	4.016726487544288	0.078176226445374	24.75911094243107	1.0	101.0	3.6512769198340655	
5	testKappa13.log	6.942407116789987	1.2661180700037262	12.72432912519108	2.7263300140468503	0.1507063006521186	26.996086035974084	1.0	101.0	2.6950769109231847	
6	testKappa14.log	6.783703938495348	1.6276850722752507	13.361290155609339	2.969600400633995	0.183740849408553	19.278746693389984	1.4988747523899901	67.38388236839215	2.954106766355523	
7	testKappa15.log	4.693501036175328	0.7374825398496043	7.106199540866538	2.395658954260345	0.08608958300934008	16.802246957387787	1.0878025253671237	92.84773444142667	2.45878632888506	
8	testKappa16.log	5.118950481967072	0.7367814149024345	6.854992409993632	2.434352761153161	0.059847913785432055	15.309092181187385	1.166768624446971	86.56386354910111	2.6402300681566806	
9	testKappa17.log	4.96081036204415	0.7198818341344901	6.573100318558801	2.397694193707435	0.18031492559842832	18.4584265182852	1.2114438281705378	83.37159152688506	2.714663443119538	
10	testKappa18.log	5.844458796088985	0.9668988838095688	9.717213520486784	2.6218422339267424	0.0869084845919674	21.49707444063306	1.0	101.0	2.6967740993165283	
11	testKappa19.log	5.462978968179508	0.7255479188902942	7.291666342010564	2.8433501514112014	0.13767438401020562	15.412654308144292	1.0	101.0	2.7705009625424317	
12	testKappa2.log	4.309482310616737	0.39084557168892486	3.927949382539583	3.4243661327225734	0.207638092116176	10.950598447917306	1.0	101.0	2.734429042201691	
13	testKappa20.log	5.648696032158698	0.6616556003330937	6.649556487365665	2.5773291781190193	0.13760433357855958	21.642738068984478	1.0	101.0	2.827843841394348	
14	testKappa21.log	5.4408722456357665	0.8465234977674356	7.512748120941028	2.287850590929262	0.1182411636552066	25.49445588692439	1.2823357562955269	78.76252339073321	2.687483756931685	
15	testKappa22.log	5.193988567836642	0.9167878063113122	8.770705398667335	2.422771913107395	0.10154402247523696	19.30753886053953	1.103544836974502	91.52324093772518	2.267961595678461	
16	testKappa23.log	6.238806390447679	0.9912824882906772	8.709560708999826	2.710061016510783	0.12745075790715243	19.05730187884993	1.308349403151955	77.19650405058474	2.8949647380533348	
17	testKappa24.log	5.181704814210233	0.5888621449191472	5.60070390122528	2.5615961198676827	0.2510119617873091	16.3858031195576	1.116512066492993	90.46028523206637	2.8861259330671323	
18	testKappa25.log	6.032101679875722	1.5061371361911708	15.136490887072481	3.0272856385677627	0.24065096637169586	16.897303368251883	1.0	101.0	2.8110112799080653	
19	testKappa26.log	5.733241109581585	0.9202053795101656	8.56957618062354	2.3686942796086736	0.1121413971932906	20.32896213576468	1.1645877610605524	86.72596722811389	2.589630968343492	
20	testKappa27.log	6.106808948597143	0.8759146374269826	8.705083063923551	3.4575263962671516	0.07465102391468587	16.22376055506273	1.022584257536037	98.76936717504732	2.876682488551489	
21	testKappa28.log	5.28307949537181	1.4819544557273394	14.893457956225665	1.9175774137999548	0.045909785173807525	20.08983573818468	1.0	101.0	1.9790747875802215	
22	testKappa29.log	5.797181212634587	0.9108844098402072	7.253432324114277	3.081370338543321	0.18240597286919008	21.415440768126015	1.5927983058657662	63.41041400411423	3.038253610675489	
23	testKappa3.log	7.299165088643422	1.2188957522781405	12.249750705507893	3.141888014242291	0.19981443017482295	25.108548971889043	1.0	101.0	3.118832457869053	
24	testKappa30.log	5.589991731342813	0.839526475033413	8.201445643536903	2.81609443372944	0.07035535637995592	21.0721332055464	1.0583013373638577	95.43595612529676	2.4423986684712298	
25	testKappa31.log	5.298094373927266	0.683362396536666	6.592588976701156	2.975065503245176	0.11281921384168846	19.957528569245653	1.0852043555771382	93.07002822181425	2.8470887989756495	
26	testKappa32.log	4.657003809933935	0.5993412561111666	6.0233050785235855	2.4212746566402026	0.06227563307363101	18.455605223302488	1.0	101.0	2.3674501171840294	
27	testKappa33.log	4.477646462693801	0.5307291390151317	5.333761835606652	2.2242857685504873	0.08457639754957659	14.8301859076338	1.0	101.0	2.362734471236411	
28	testKappa34.log	6.297643411910306	0.9410741664198093	9.457678322769105	3.5267642880883563	0.10334965685870982	19.691991194876557	1.0	101.0	3.050543366060632	
29	testKappa35.log	4.902673316040395	0.8673180638889497	6.743984597081261	2.4010510393639106	0.2172368675396601	18.16436932620638	1.6704943753701846	60.46114341307987	2.366384164448143	
30	testKappa36.log	7.666532304759407	1.6270549038477946	16.066869926351217	3.8581525204806253	0.12909034512762693	21.917752557423654	1.0357697772648713	97.51201687570757	3.5967883139208046	
31	testKappa37.log	6.529290128198255	1.6611964273300552	16.69481747691744	2.9839731940699923	0.03151987620785108	24.66759867061125	1.0	101.0	2.468337934911741	
32	testKappa38.log	4.451694439900751	0.5653247861637292	5.681443786482243	2.9176778639795082	0.29258415780704194	12.7810301079911	1.0	101.0	2.5673274478642836	
33	testKappa39.log	5.993851931142456	1.016808555300998	10.218799511266651	2.913543951406065	0.31221152633291943	21.29417500783332	1.0	101.0	2.956502799850857	
34	testKappa4.log	6.211876886210261	1.3789816891351532	13.858594459611483	2.2127327902139857	0.09866754739557908	17.79839267111791	1.0	101.0	2.3716497727767067	
35	testKappa40.log	5.091166100429619	0.7518904474642991	7.556405477725137	3.097325324099827	0.048038224937890533	14.977411892683568	1.0	101.0	2.8616000039610747	
36	testKappa41.log	6.208936978468792	0.9733875932938792	9.782424243745693	2.7034544751200875	0.20775174896103923	24.218834149861696	1.0	101.0	2.904367451370156	
37	testKappa42.log	5.231395928159529	0.7412913525993216	7.376222061199131	3.056855314876268	0.13400058443506116	15.08586167238354	1.0200730560142555	99.01251621588614	2.6617569291824896	
38	testKappa43.log	6.464205377355997	0.8771156948103995	8.814903638177544	3.737446190021322	0.20554156398238033	20.841438584812394	1.0	101.0	3.292533704885645	
39	testKappa44.log	6.899529454889397	1.0728170184753736	10.781677599899258	2.7461797206642977	0.10161264179399342	25.392864591499233	1.0	101.0	2.898355573517277	
40	testKappa45.log	5.404207108160278	0.9802499802759076	9.851390379379076	2.2356381024065684	0.04081534928008951	14.796886269236232	1.0	101.0	2.3935488519278993	
41	testKappa46.log	5.72923277694595	0.9045203439088495	9.09031695305743	2.7026745205241647	0.1916045381354899	20.963543833271313	1.0	101.0	2.847355075288563	
42	testKappa47.log	5.183905780650792	0.609896056303829	6.005088170867408	2.8613971421776383	0.14124034019960383	21.20121236044323	1.041823734738911	96.94538205669826	2.897420943848032	
43	testKappa48.log	7.074512394719515	1.3584571368863265	13.652325262331578	3.3824127370609127	0.18027516026335932	20.693588014189793	1.0	101.0	3.2660013459071915	
44	testKappa49.log	6.880815745773325	1.1341836603530395	9.760947877701161	2.6987720599565077	0.16107819641853746	23.612417940328882	1.363653900433371	74.06571415804412	3.0651118720139685	
45	testKappa5.log	6.038861450501788	0.9232849255957023	8.171103120038401	3.1299341815375574	0.08599111929911765	21.260212416650756	1.2895300913111225	78.32310442427041	2.9891879343443235	
46	testKappa50.log	5.854474574629795	0.920738705733176	9.253309472170246	2.8137493764054913	0.10658716295155432	24.372658063717566	1.0	101.0	2.477913209122597	
47	testKappa51.log	5.34653599029064	1.2405001938779912	12.466872656450162	2.0599096476292997	0.01749741127971465	15.358532352325346	1.0	101.0	2.2340106794707633	
48	testKappa52.log	4.749774876990009	0.5622656534196068	5.650699882895314	2.8061442001503747	0.07413792914364971	17.24356235114744	1.0	101.0	2.4825341659745175	
49	testKappa53.log	5.760583790482625	0.7733465882621957	7.7720370240532555	2.722325822934956	0.0811018639746803	25.719575325907904	1.0	101.0	2.837105834966062	
50	testKappa54.log	10.914336040634353	3.608489786465349	36.264873534061834	3.0681677696578187	0.04884385909222568	35.00061092251171	1.0	101.0	3.2645331288495143	
51	testKappa55.log	4.466695199857524	0.48699608118122123	4.894250043844565	2.5474795327302564	0.07921885886240414	15.860189740091117	1.0	101.0	2.4003953560328544	
52	testKappa56.log	8.341834266535049	2.2370394601781083	22.481968334329405	2.834161174097652	0.21183088341366862	21.650160175431964	1.0	101.0	2.9620476929259416	
53	testKappa57.log	6.764901438682939	1.3736217884180832	12.90120054380929	2.5584776567856067	0.203771846665611	26.249152553900405	1.1449735742016274	88.21164284985858	2.6908740313745922	
54	testKappa58.log	8.728730729100297	1.9157493685269338	14.701898295156782	2.7087145437247733	0.06518252908396371	41.732105535399796	1.7149518372536063	58.89378220775314	3.142993918867463	
55	testKappa59.log	6.598065074615041	1.8788193910194833	18.881901194295903	3.008237999548416	0.24903465043243914	15.40911710544502	1.0	101.0	2.8640896759376804	
56	testKappa6.log	3.990452948054361	0.6767720242990994	6.801474668060154	1.9994123826188164	0.11885338620678347	9.895515077515512	1.0	101.0	2.024638138150528	
57	testKappa60.log	4.924428826656637	0.8081824643000852	8.122133245386832	2.3779167798966085	0.126717028917944	14.81274261474809	1.0	101.0	2.4948717120088433	
58	testKappa61.log	5.741563434610411	0.8607142717466552	6.825939845528631	3.0884561084419984	0.23438121843274629	15.774309982805882	1.6058851007745758	62.893665276104805	3.0016321824658414	
59	testKappa62.log	6.128750811693564	1.1225372422785478	11.28135966497545	2.9624456236651233	0.2177857012829655	18.424345395498225	1.0	101.0	2.843478493761164	
60	testKappa63.log	5.8974820560833034	0.6872633766313726	6.906911454096856	3.2231462577663903	0.06881423161849108	17.80959518036498	1.0	101.0	3.1880772952520013	
61	testKappa64.log	7.562047638792026	0.977498180646262	9.823735135366894	3.456424142591849	0.15200367222218902	27.762898615586778	1.0	101.0	3.9219800124085302	
62	testKappa65.log	4.517568375094807	0.5888619328102123	5.917989182755479	2.4478543057881903	0.009044225750484752	15.675716867187447	1.0	101.0	2.2070706384213845	
63	testKappa66.log	5.728502937347602	1.2696477560197248	8.284322612145772	2.614461456121032	0.035366793482178444	18.684297207475943	2.3723232573437967	42.574299133704905	2.637191416576546	
64	testKappa67.log	6.672640236572247	1.4398818374544744	14.470633375528475	3.4479249096583717	0.2589941427810287	19.77433354183298	1.0	101.0	3.1864182928862728	
65	testKappa68.log	4.188617195029676	0.5537677887784734	5.565297400206804	2.3461233733382265	0.12077637173757395	11.538616550219364	1.0	101.0	2.240838031443842	
66	testKappa69.log	6.441236070413903	1.4113840853128004	12.41215169443582	2.807285184391199	0.14351931723067107	20.62112165536224	1.3059232580166793	77.33991976939737	2.583592808777055	
67	testKappa7.log	5.877935623605713	0.8071079883481804	7.960489145306504	3.3541697406616486	0.12390324839800776	20.471874279960556	1.038257689652408	97.27835488876867	3.065617925704949	
68	testKappa70.log	5.870727123393059	1.0605773812187644	10.658670767822697	2.4922983744030063	0.09506443857578728	16.684936728402118	1.0	101.0	2.7597495701396113	
69	testKappa71.log	10.138581408893556	2.454760133029148	18.331756443278096	4.113937473147767	0.2645116810424679	41.39907358996742	1.8110537486538274	55.76863749906606	3.9772124921976375	
70	testKappa72.log	5.647662638156447	0.6956928040297136	6.991626151007452	2.940299889066324	0.2894125413553632	24.78634895331117	1.0	101.0	3.208841951185447	
71	testKappa73.log	6.229627819978558	0.9950906411028634	10.000537174825226	2.829866295776698	0.2093275507891885	25.57274333267481	1.0	101.0	2.859157520334977	
72	testKappa74.log	7.406293864192915	1.5145846184758267	15.221387033344895	2.5470069812818004	0.04353384968083509	23.73596702697882	1.0	101.0	2.9426224037435516	
73	testKappa75.log	4.160240569632797	0.46255262806071845	4.648596380232814	2.279777908850448	0.2217589914025237	13.569713730399016	1.0	101.0	2.3015464468441853	
74	testKappa76.log	5.762525599004785	0.7084005943462226	7.119337863107651	2.807487108190684	0.08120061192215083	21.200906856059774	1.0	101.0	2.8773027198410115	
75	testKappa77.log	9.818395376030669	2.357399077928739	22.427361107636703	2.8064613840183337	0.17657116537566245	42.42414704255869	1.1159153225368135	90.50865953735308	3.1357621535349987	
76	testKappa78.log	5.700094252581282	1.1111841418053434	11.167262417305658	2.2018575226387025	0.19960529110465958	14.12834906613212	1.0	101.0	2.54277351216876	
77	testKappa79.log	6.030807583200276	0.9353325738851065	9.399976031928185	2.989775402503005	0.09565572118442699	26.797270846455433	1.0	101.0	2.715090339648699	
78	testKappa8.log	5.704025170662357	0.7935750637255683	7.975330686465045	2.75496578972923	0.1358280151655056	20.615277345569993	1.0	101.0	2.8295205049695524	
79	testKappa80.log	5.177613220497519	0.8125177231057953	8.165702057169586	2.872600051648848	0.0823979721161964	14.640549870629332	1.0	101.0	2.491099428581599	
80	testKappa81.log	4.4419941710223245	0.7793680245718749	7.832551710026033	2.124655705628448	0.052890325470580826	13.98074729581985	1.0	101.0	2.15930616920976	
81	testKappa82.log	6.5518802752522705	1.3510116115557078	13.577498658824954	3.2647412518007632	0.3068989996214783	23.93450237813972	1.0	101.0	2.9808892581221462	
82	testKappa83.log	7.9257940631996915	1.3128876448427547	13.194357535176021	3.6739656403192003	0.2092753285591895	36.102351719444904	1.0	101.0	3.592291827858594	
83	testKappa84.log	4.884736838541223	0.5981804341772372	6.011638962469326	2.456273772234732	0.08069747059408078	16.680228623128688	1.0	101.0	2.4691464730656247	
84	testKappa85.log	6.356037430304401	1.0753015721466295	10.80664705526938	2.7857032186042336	0.10775923356883702	23.614739695076295	1.0	101.0	2.8569476044659337	
85	testKappa86.log	5.837466848313406	1.0092757822068252	9.697963167418475	2.6227858613891244	0.13396377381688548	19.439578794905067	1.0939060338839797	92.32968543138334	2.6124352183907162	
86	testKappa87.log	6.395300416600137	0.9266135058844501	9.312350482989494	3.3983280577056885	0.29623015909867967	19.131352774746837	1.0	101.0	3.2799142393046146	
87	testKappa88.log	5.29712867794717	1.1090563538214027	9.370098906005936	2.5546443001741266	0.1308614437603925	19.265295154906497	1.4149472586683411	71.38075244942685	2.423752469306733	
88	testKappa89.log	5.490661781316047	1.1086854872155973	7.544318090998699	2.4847645281749036	0.06261443119920941	24.487661725679416	2.1812131961969383	46.30450621521037	2.594090755653615	
89	testKappa9.log	5.279205510025765	0.9852602746666661	7.921025524169185	2.6518303473146143	0.10799044125606766	19.75945065411705	1.5626455999494404	64.63397714956473	2.530623865967962	
90	testKappa90.log	7.0206541761707735	1.772640913043829	17.814820697000652	2.422330278685098	0.09407932803136976	16.883217703029953	1.0	101.0	2.3937285506900428	
91	testKappa91.log	4.7069315326533605	0.5421964112089582	5.449006494868147	3.1175495709765415	0.08994206180479257	17.393020644247503	1.0	101.0	2.619140943609368	
92	testKappa92.log	5.011939923144146	0.775855437380064	7.212875045331012	2.593501608441805	0.11712254923632254	17.29248641030266	1.1686007825582612	86.42814681237354	2.678867349235588	
93	testKappa93.log	3.3082683452637895	0.4534478969579712	4.557094965086453	1.563161897879455	0.10943845991672152	10.27938135350863	1.0	101.0	1.7555614885357318	
94	testKappa94.log	5.924298159101295	0.9905689449996113	9.955094691391032	2.497524118536186	0.13562728566669413	20.00865577392486	1.0	101.0	2.600364964904862	
95	testKappa95.log	5.386205247365314	0.75480816626437	7.585728188763255	2.9682624580752504	0.25881205204847074	14.849478902186336	1.0	101.0	2.9555565263616583	
96	testKappa96.log	6.37019268721771	1.0523315307093621	10.575800995812848	3.0881366502261995	0.21114820630078088	15.37660097703555	1.0	101.0	3.068514977781468	
97	testKappa97.log	5.712135552016225	0.7560365678895475	7.598073472309073	3.4776769393876195	0.19593361600019202	19.493726740012693	1.0	101.0	3.014463766050998	
98	testKappa98.log	7.5742938134493905	1.4898584516570654	14.972892132229257	3.0376285112839003	0.1603428189138179	28.55396070498502	1.0	101.0	3.133628835299743	
99	testKappa99.log	5.202911239487114	1.2782548360931707	12.846302114832636	2.153958539806139	0.10443020887589617	15.364480304891458	1.0	101.0	2.328597638386297	
