sample	filename	hky.kappa.mean	hky.kappa.stderr	hky.kappa.stddev	hky.kappa.median	hky.kappa.95%HPDlo	hky.kappa.95%HPDup	hky.kappa.ACT	hky.kappa.ESS	hky.kappa.geometric-mean	
0	testKappa0.log	5.085051804215005	0.39149053368742776	5.550336244890058	3.1910036225741853	0.1778377906676531	15.943487438547615	1.0	201.0	2.9988472419596346	
1	testKappa1.log	5.0705462137110535	0.617697579502679	7.54805796827073	2.7405606572115278	0.03977026061132212	19.633208354174826	1.3461002434157798	149.3202315229919	2.600926350022827	
2	testKappa10.log	5.885302886567834	0.7869803616478069	11.157372271887406	2.569205351518352	0.193951386904324	19.10969036357401	1.0	201.0	2.6587661248063728	
3	testKappa11.log	5.395721739899421	0.5417886907901781	7.681180383189498	2.7199108959217835	0.11243765429597195	23.29127372393729	1.0	201.0	2.633885367768859	
4	testKappa12.log	6.43371667118212	1.039270180529441	11.594423777581099	3.0429273945495625	0.078176226445374	20.905065181463705	1.6149335257316006	124.46332731184248	3.002434936181646	
5	testKappa13.log	7.153636657236521	1.0850521873597168	15.383269746972367	2.6595470260452028	0.1507063006521186	26.996086035974084	1.0	201.0	2.768905651400943	
6	testKappa14.log	6.0394142846007	0.9309282818389747	12.069152842578154	2.8788573102370316	0.16140252744389216	16.00520649198948	1.1958451100996041	168.08196839409942	2.8361434301661075	
7	testKappa15.log	6.036756743788336	0.736607335847438	10.443211374480377	2.904196010164561	0.08608958300934008	19.601891224248607	1.0	201.0	2.917715940778542	
8	testKappa16.log	5.097968137491928	0.5082517492563892	7.205712176118199	2.3828170832009903	0.052498299457493326	18.089482842530334	1.0	201.0	2.6376582139940554	
9	testKappa17.log	5.214739819248751	0.4952448312240345	6.750007060956096	2.6071842469230186	0.18031492559842832	17.74540215872178	1.0820006117789993	185.76699293128925	2.7654732726703664	
10	testKappa18.log	6.754506381902833	1.2225443157763627	16.87324914515517	2.9034406006047333	0.0869084845919674	23.46618838666452	1.0551831330544132	190.48826095065616	2.8863471607082456	
11	testKappa19.log	4.8377858331886445	0.44178319902530583	6.26335783610897	2.7957816951704904	0.044059208432224196	14.872043201977627	1.0	201.0	2.6986766814412895	
12	testKappa2.log	5.361690762135245	0.5647457392743426	8.006652718566809	2.914607385157561	0.207638092116176	23.333525642382444	1.0	201.0	2.73784184661321	
13	testKappa20.log	5.788178494237893	0.5253870598232494	7.448647131430878	2.8387295614439085	0.13760433357855958	20.763439363410384	1.0	201.0	2.9854176882649197	
14	testKappa21.log	5.004040305820415	0.5122590003117155	6.516013729097835	2.287850590929262	0.1182411636552066	17.370768811029087	1.2422564813233474	161.80233552565514	2.6236639972460907	
15	testKappa22.log	4.89758955454169	0.5078668991457171	7.031158897505337	2.733497302195341	0.06957857736610731	17.786024126433393	1.0486777369416402	191.66994103087916	2.5179641781264346	
16	testKappa23.log	5.535747182995617	0.6075980473442771	7.379102832877895	2.6474777705928565	0.0843159961797615	18.899488940285053	1.3627671972009827	147.49401101878465	2.693983749141539	
17	testKappa24.log	4.896576023127413	0.52936760591687	6.556100652712434	2.5477877844437544	0.08200848335691692	16.3858031195576	1.3104472858507465	153.38274356416417	2.5937138749467294	
18	testKappa25.log	5.571349667772814	0.893326288873984	12.665086005908776	2.673366678838795	0.2311793468495444	17.44756484010869	1.0	201.0	2.7209033467385795	
19	testKappa26.log	6.400721203539043	1.3865410702194367	19.42885795340266	2.267185605977648	0.1121413971932906	20.32896213576468	1.023686527226428	196.3491700380082	2.5062973518840654	
20	testKappa27.log	6.7787685262839465	0.7545108409460514	10.697037366959538	3.544537734315777	0.0705360224701732	19.55969232690795	1.0	201.0	3.1388237427577157	
21	testKappa28.log	6.7300463492010225	1.0199585190945064	14.460407722998863	2.0928285290953133	0.045909785173807525	26.957654420609746	1.0	201.0	2.458598641097476	
22	testKappa29.log	7.543536322195284	1.0766250991547752	13.22015053318192	2.8176933096885217	0.04052574935590471	27.585707331231678	1.3330678581488722	150.7800212654689	3.137336036939042	
23	testKappa3.log	7.055906546295886	0.8788367424842947	12.459661231671657	2.508624012281226	0.19981443017482295	30.764783880755502	1.0	201.0	2.845705454619771	
24	testKappa30.log	6.564459313191478	0.8692163421492506	12.323268516969184	2.7371350614279293	0.07035535637995592	24.0559801295101	1.0	201.0	2.625952823052024	
25	testKappa31.log	5.402962959516482	0.5234121551918385	7.348039077219246	2.9254003367071704	0.15801775937798265	20.261323452596663	1.0198604517885745	197.08578722461232	2.772041267952995	
26	testKappa32.log	5.002555440047458	0.4775802527445461	6.770868663629538	2.697292137796181	0.06227563307363101	20.691753695112254	1.0	201.0	2.5792877750781766	
27	testKappa33.log	5.385066490875437	0.7361778232577618	10.437121982556484	2.4017667403454004	0.07420561349140624	17.032527136164955	1.0	201.0	2.5137717803984283	
28	testKappa34.log	5.946069670201301	0.7665646787075926	8.182766749146921	3.1573776906437865	0.10334965685870982	19.691991194876557	1.7639786418426247	113.94695787815125	2.9957888093913563	
29	testKappa35.log	4.729752076257491	0.5445143587839437	6.093830732056045	2.4207647131154246	0.2172368675396601	18.17430913822835	1.604848191365611	125.24549118191882	2.4986229193780787	
30	testKappa36.log	6.466339226645021	0.8811133130480784	12.109904647053202	3.6853307921696046	0.062313529936657716	19.29851395610625	1.0640894484737122	188.89389448256108	3.140408586283888	
31	testKappa37.log	5.514803720059205	0.8792972498536313	12.466190050437705	2.670829837031617	0.03151987620785108	14.721701225850666	1.0	201.0	2.5123263927186814	
32	testKappa38.log	5.447992723186334	0.5433062695532052	7.702695775486646	3.2430628550628264	0.23657801963605765	15.48078994894923	1.0	201.0	2.9670268505076725	
33	testKappa39.log	6.082994024587334	0.7246454356129287	10.27362216933662	2.784975340825604	0.0591923832800934	25.616678761974033	1.0	201.0	2.814360361658284	
34	testKappa4.log	5.972238133229637	0.829398960843104	11.758759708650048	2.2127327902139857	0.09866754739557908	19.792424957761153	1.0	201.0	2.482376020577274	
35	testKappa40.log	5.132777451054688	0.4666312471293736	6.615639718145209	2.884806677019277	0.048038224937890533	17.619999630804454	1.0	201.0	2.9430098116250694	
36	testKappa41.log	6.248930120050555	0.6602642734090072	9.360861662197832	2.7674725322995255	0.20775174896103923	26.270468251902674	1.0	201.0	2.9351472823920703	
37	testKappa42.log	5.060531137528249	0.4640707652738302	6.579338622654219	2.8477815523319228	0.02979375526835226	17.22073990643112	1.0	201.0	2.5938624340277188	
38	testKappa43.log	7.2266944799398445	0.7512430716354097	10.65070874114588	3.4616166950366494	0.20554156398238033	25.71882589792074	1.0	201.0	3.38831926974399	
39	testKappa44.log	6.53868251472844	0.8067835113007626	11.349517775076535	2.9850603379086817	0.10161264179399342	25.392864591499233	1.0156761770995264	197.89772028915468	2.8884284938608413	
40	testKappa45.log	5.774849548077402	0.6405526160644541	9.081400687303155	2.6337854678354935	0.04081534928008951	16.55168157471839	1.0	201.0	2.7844999470277045	
41	testKappa46.log	5.512402783940412	0.5879068932831575	8.005064671093313	2.642555083568115	0.1916045381354899	20.963543833271313	1.0841352675514007	185.401218847878	2.8802765953993124	
42	testKappa47.log	6.301272145544039	0.6922217417225145	9.072728263053687	3.3022825337576203	0.14124034019960383	23.216605868705496	1.1700669756969513	171.78503810029696	3.2438825384428753	
43	testKappa48.log	6.147160448614334	0.8936446885367436	11.821985080079632	2.77079616118774	0.17260298140854455	20.693588014189793	1.1485370263471655	175.00524178943118	2.7900293509521865	
44	testKappa49.log	6.467749636018048	0.7908843936484159	9.201218708232597	3.1474840793961216	0.1301025908667577	22.70087141747064	1.4850167814480362	135.3520057894601	3.124101148435305	
45	testKappa5.log	5.442758801684266	0.5936392815485412	7.637172465349352	2.987397020929599	0.08599111929911765	17.552993704002585	1.2144401668943823	165.5083597193641	2.737555384856572	
46	testKappa50.log	6.574006275925195	0.8108531562441444	11.495827549124478	3.0266336882705867	0.10658716295155432	24.372658063717566	1.0	201.0	2.7931259605983767	
47	testKappa51.log	5.629037184669713	0.9919197501283686	14.062889565435682	2.149349922556323	0.01749741127971465	15.358532352325346	1.0	201.0	2.1877287294238164	
48	testKappa52.log	4.806056564696021	0.5074290191496963	6.84102936529422	2.278180506570869	0.07413792914364971	17.83236717573793	1.1058691647832328	181.75748669093153	2.3327401562147214	
49	testKappa53.log	6.045157451070756	0.6430829088288267	8.64218304138431	3.391904332955679	0.0811018639746803	25.18327127808039	1.1129690094674183	180.5980205110861	3.010110122799374	
50	testKappa54.log	8.247839853267854	1.861427787862457	26.390293581063677	2.8310129181343884	0.04884385909222568	27.416190477968403	1.0	201.0	2.9711697409403137	
51	testKappa55.log	6.5959166779917195	1.7315017749432966	14.38998832355781	3.0325453092345946	0.07921885886240414	18.366776071893277	2.910188073069679	69.06770110839756	2.9141325483367777	
52	testKappa56.log	7.1419028831110865	1.2051367873322205	17.085762784039424	2.9975127143004254	0.21183088341366862	21.885577646390754	1.0	201.0	2.9177126938228475	
53	testKappa57.log	6.270485505020374	0.85010732449063	11.961048119364087	2.462453775179512	0.0869675478832584	26.249152553900405	1.0153250435446612	197.96615997796826	2.496652477264945	
54	testKappa58.log	7.819062864381679	1.1842075006039938	15.11297894454902	2.9476774575390916	0.06518252908396371	32.73611489890663	1.2341033120831597	162.87129127035004	3.0647986458377097	
55	testKappa59.log	5.519605258905063	1.0014419562955155	14.100775160084996	2.7479107575843336	0.12091836484911359	15.40911710544502	1.013821850485951	198.2596842864015	2.5838610354993934	
56	testKappa6.log	4.782753929743224	0.5452705079333854	7.730543660778867	2.29610361224911	0.11885338620678347	13.51699419496902	1.0	201.0	2.2983888174719476	
57	testKappa60.log	5.042496559686534	0.6660611591794412	9.443046702270388	2.4550231374027836	0.11283158669530824	14.81274261474809	1.0	201.0	2.47352945608613	
58	testKappa61.log	6.439879659162451	0.8276137506080966	10.115157928484695	2.7519820446670855	0.12302931115967765	22.722381871029476	1.3455694469118555	149.37913495383262	3.021038279364092	
59	testKappa62.log	5.0898981412621165	0.6475381256252591	9.180437378022521	2.786835220772553	0.1506051646408046	15.279588647705157	1.0	201.0	2.4978373099518416	
60	testKappa63.log	5.655768166465895	0.5647289390662257	8.006414534508679	2.9789425882373033	0.06881423161849108	20.554283110202146	1.0	201.0	2.8684564574611873	
61	testKappa64.log	6.050116959054347	0.592870775832766	8.40539393033698	2.7309051526747132	0.06974573627743608	24.278943458634846	1.0	201.0	2.922274679289051	
62	testKappa65.log	5.163303838444	0.5519884811511914	7.825787369207231	2.580534421973325	0.009044225750484752	17.862065859837802	1.0	201.0	2.484303475691956	
63	testKappa66.log	5.810665928837951	0.8912192387560355	8.691407995065472	2.8696550647432586	0.035366793482178444	19.103979238774198	2.113415504157097	95.10671214658556	2.6408541569724964	
64	testKappa67.log	6.72512374595709	0.8236967586635986	11.677917040158174	3.819322657565719	0.1761499717000321	24.454572668767078	1.0	201.0	3.322133120812321	
65	testKappa68.log	5.2238454525128715	0.7390114136108632	9.186310807577948	2.4479148636557637	0.12077637173757395	16.648036883246682	1.3008166253416085	154.51832032606075	2.3694871280184433	
66	testKappa69.log	5.778956608271825	0.8081128489809205	10.608339669253262	2.5587245116413957	0.14351931723067107	21.642898311078092	1.1663939212676322	172.32600096334008	2.5251631610879697	
67	testKappa7.log	6.153119507518878	0.8368892047595493	11.061195988640918	2.8603848745784424	0.0658173449975696	21.99355845070302	1.1506091255506785	174.6900798338462	2.8185548380135237	
68	testKappa70.log	5.420698454632662	0.6316664339289103	8.955417312121517	2.6365954912582734	0.09506443857578728	20.82760258635956	1.0	201.0	2.6360052369997278	
69	testKappa71.log	9.399057276937391	1.7063835080407832	21.255798371448147	3.390339800549743	0.2116114333857137	40.7977755159883	1.2953719958755825	155.1677824130649	3.7184256211114084	
70	testKappa72.log	5.96532475972208	0.6623020762195789	9.389752503294096	2.7647276103027605	0.09864951568871885	20.852575564948022	1.0	201.0	2.9986138037070225	
71	testKappa73.log	6.221634481685277	0.817013463839454	11.583164982813788	2.6025770074794865	0.14906994848922536	24.395584602301543	1.0	201.0	2.7184651037234153	
72	testKappa74.log	6.343166254646608	0.8538601162741003	12.105556440366035	2.5782818166620807	0.04353384968083509	21.924438612114702	1.0	201.0	2.782624117512543	
73	testKappa75.log	5.777020764350702	1.1474008036291625	11.454424577603774	2.341843661838316	0.15875014437093082	19.061016091190137	2.016878809258439	99.65893789815917	2.6806071078226736	
74	testKappa76.log	5.411068295522385	0.49451663925404715	6.909270374247438	2.5736523998220586	0.06619768774268857	21.200906856059774	1.02965918963017	195.21022297892046	2.656206124951831	
75	testKappa77.log	8.927200941327271	1.264049465141812	17.92099414417028	3.1079694556785067	0.09742274078248099	40.68564474676173	1.0	201.0	3.3072020185963926	
76	testKappa78.log	5.352367950585631	0.6273029074255281	8.89355364691576	2.4824341899444233	0.08240181704507096	14.849918463709061	1.0	201.0	2.676376574362685	
77	testKappa79.log	6.173349911371673	0.8235042808597393	11.675188196318619	2.5834769530239585	0.09565572118442699	26.639113205905655	1.0	201.0	2.6805250923255453	
78	testKappa8.log	5.354161376088875	0.572929107331999	8.122671984493556	2.606835445281244	0.1358280151655056	20.615277345569993	1.0	201.0	2.6611021606851333	
79	testKappa80.log	6.223297121275787	0.9026914662284321	12.797860310361608	2.461490246350612	0.0823979721161964	24.344130806224246	1.0	201.0	2.53871812453554	
80	testKappa81.log	4.660058326873837	0.5565774904213537	7.890847804361085	2.2512590730974673	0.052890325470580826	15.128955241027406	1.0	201.0	2.214062989139976	
81	testKappa82.log	6.93556422879337	0.8549492148936497	12.120997078190426	3.406659216715311	0.07860109428561692	23.959548178323303	1.0	201.0	3.3370550702337805	
82	testKappa83.log	6.560490948974216	0.7558301461227632	10.715741746019239	3.4091053226656967	0.2092753285591895	19.730719657218003	1.0	201.0	3.1771079599124885	
83	testKappa84.log	4.582791829299844	0.44275782187790425	5.723502426838019	2.363440717954071	0.08069747059408078	16.680228623128688	1.202831517809661	167.1056977007205	2.417870733308288	
84	testKappa85.log	7.028307070565787	0.8273097117148229	11.729139490117353	2.8303803129236353	0.10775923356883702	28.956881305547522	1.0	201.0	3.106764150459364	
85	testKappa86.log	5.479357531721573	0.6125609262424117	8.348461481032652	2.6227858613891244	0.04740286777349449	19.439578794905067	1.0821357467259116	185.74379472089487	2.520994958877418	
86	testKappa87.log	5.439116853982572	0.5609016734309155	7.952153679273173	2.780906116576872	0.2136483924039507	18.065714287394812	1.0	201.0	2.8737757073089405	
87	testKappa88.log	5.366737694527035	0.8197163878824273	10.37882617324236	2.8353864074116832	0.058299980626688924	16.610622455724343	1.2537958153261821	160.31318460550827	2.6532179889342853	
88	testKappa89.log	5.881299927073952	0.6598709163817664	8.385080952888027	2.428285893472012	0.06261443119920941	25.448719034983952	1.2447998077066051	161.47174730876483	2.6073362760711025	
89	testKappa9.log	5.234408355139537	0.6081266657014354	7.506073374788022	2.85190823707228	0.06768094395442156	19.75945065411705	1.3193455020109432	152.34826638938495	2.495106441724731	
90	testKappa90.log	5.653520962277425	0.9222416229213792	13.075031618347259	2.6017221452785675	0.09407932803136976	14.3454584945274	1.0	201.0	2.5045952997329555	
91	testKappa91.log	6.506802723919881	1.4715338158751323	20.86259250486549	3.1175495709765415	0.08994206180479257	21.174580149078647	1.0	201.0	2.785398514852853	
92	testKappa92.log	5.248562786394025	0.5827716991979719	7.33240995476754	2.6780498423019825	0.08927860240752833	19.93248728898557	1.2696952274122053	158.30570648805437	2.7711592385950063	
93	testKappa93.log	4.262042507764914	0.4331210324573552	6.140550429736897	2.059882835938977	0.09540098227390009	16.759504111581535	1.0	201.0	2.1785099069433356	
94	testKappa94.log	5.6375446008128	0.616471095097308	8.647584002389006	2.6947559282362765	0.13562728566669413	20.00865577392486	1.0214848156778937	196.77238164975486	2.6471938136183986	
95	testKappa95.log	7.22965112671422	1.1836684499930348	16.781396571837863	2.9682624580752504	0.0667413668813242	18.725758439619785	1.0	201.0	3.1593027802114784	
96	testKappa96.log	5.748572769107799	0.6545481814188406	9.279822071653154	3.087256730590821	0.09733692643200646	15.37660097703555	1.0	201.0	2.8635144371194046	
97	testKappa97.log	6.5900614093732175	0.8127397538741954	10.324361622874742	3.6855229301618464	0.09224390365715536	20.245235861986345	1.2455829304222834	161.37022681569346	3.1568319190468124	
98	testKappa98.log	6.156026580253345	0.8399275351980426	11.908028012276244	2.7119434528577475	0.1603428189138179	18.18197413924215	1.0	201.0	2.740383480448121	
99	testKappa99.log	5.6126745686452235	0.9374923063190969	13.291247372083156	2.626205000935079	0.1014313517269813	16.189352686907274	1.0	201.0	2.5818556372979273	
