sample	filename	hky.kappa.mean	hky.kappa.stderr	hky.kappa.stddev	hky.kappa.median	hky.kappa.95%HPDlo	hky.kappa.95%HPDup	hky.kappa.ACT	hky.kappa.ESS	hky.kappa.geometric-mean	
0	testKappa0.log	5.636555984521539	1.1489641127353547	6.397161441058524	3.2779425724367335	0.1778377906676531	17.57790262566619	1.0	31.0	2.935564478835614	
1	testKappa1.log	6.002125594785728	1.9771151666669549	8.308072986568519	2.4105134121566354	0.3573706422225682	22.68761952115046	1.7555977791464914	17.65780315299276	2.7105888166285568	
2	testKappa10.log	4.412868785270437	0.9211532942665016	5.128764484520504	2.639469595303216	0.373107686760581	10.100778553854825	1.0	31.0	2.4755183440452897	
3	testKappa11.log	7.389955403732461	1.9251419966733345	10.718737002465224	3.1516070779383445	0.19139270258094201	30.324984935631214	1.0	31.0	2.979323981502934	
4	testKappa12.log	7.591582514172048	1.8456711697379011	8.130504915557209	3.4420616275180045	0.16676023622897673	20.905065181463705	1.5974795863779725	19.40556878744692	3.821380639086456	
5	testKappa13.log	8.65121357613452	3.296949120221123	18.356635817630963	3.02609079460093	0.2052130184773387	26.996086035974084	1.0	31.0	3.020802414462588	
6	testKappa14.log	5.288070198851279	1.4856167501679443	8.271563998408432	2.957256293104001	0.22763168890798158	14.385540218388284	1.0	31.0	2.788732414023109	
7	testKappa15.log	4.314213729273395	0.7974079002810467	4.439779289823927	2.284268073291334	0.4578070864520984	12.595534397961709	1.0	31.0	2.746192844082949	
8	testKappa16.log	6.223665910090425	1.556832445717624	7.129496812477456	2.434352761153161	0.059847913785432055	14.420311328613625	1.4781812312016356	20.971718044883872	2.980001528707702	
9	testKappa17.log	3.495184833238264	1.0271887038033995	5.719144658938131	1.8106573734834133	0.2505506421292062	7.696851880059099	1.0	31.0	1.8533614591590792	
10	testKappa18.log	5.956275135075985	1.8171358438809404	10.117384193981358	2.334509505837651	0.0869084845919674	19.925860544059713	1.0	31.0	2.545778223465008	
11	testKappa19.log	4.829557089623814	1.7172355311040877	9.561162792666824	2.054831198484774	0.17375783234145242	8.294878404285056	1.0	31.0	2.204906524754533	
12	testKappa2.log	3.8723500506819883	0.5062226641043911	2.818528508857301	3.764396703033505	0.28854546514011287	8.632466366831697	1.0	31.0	2.7451102698660232	
13	testKappa20.log	5.202410997146942	1.076693017713089	5.99477301373085	2.6853072333488797	0.13760433357855958	14.203016514960542	1.0	31.0	2.622009683626106	
14	testKappa21.log	6.502020453617194	1.3602741549505322	6.666107873387702	4.829828659626096	0.17933417070137883	17.24524237151654	1.2908325626960901	24.01550820445064	3.737676315546366	
15	testKappa22.log	4.9740054068742845	1.9229728493495921	10.706659701298364	1.4009721011723617	0.21807525457331858	11.030978511181639	1.0	31.0	1.865719697463154	
16	testKappa23.log	4.090572478994518	0.6924232930255573	3.8552497349011072	2.710061016510783	0.12745075790715243	10.705979707548016	1.0	31.0	2.4002246041439848	
17	testKappa24.log	5.039328784141269	1.1038763658044102	6.146123490496112	2.0844112141968276	0.39785290512384647	16.3858031195576	1.0	31.0	2.6057717393574977	
18	testKappa25.log	9.875110269679636	4.677965122803942	26.045807501309554	3.118014684927021	0.3131194244243283	21.6767873718085	1.0	31.0	3.496866362231356	
19	testKappa26.log	7.466727640704071	2.363788510909327	9.771472767455862	3.922543373777234	0.37151517673392453	20.32896213576468	1.814090197948363	17.088455709125878	3.392978334566836	
20	testKappa27.log	7.858772724476479	2.1773277749126154	12.122847991358448	4.922631573988152	0.07705539467702953	14.775235541265832	1.0	31.0	3.551714737193266	
21	testKappa28.log	7.0410004562052775	4.427117798579288	24.64914870898026	1.6751882319062479	0.25336271117630926	8.885208642200865	1.0	31.0	1.9853026410853631	
22	testKappa29.log	9.180528722989829	1.5407206994502995	8.06790161885828	5.121067099984904	0.490641237890169	21.986690045310194	1.130546268831578	27.420372659350395	5.570556772391826	
23	testKappa3.log	6.080900878972083	1.8483460065987127	9.654619898972241	3.0902732356718654	0.4352520524388005	13.791782265555678	1.1362080979025884	27.283734429657052	3.3726626798532404	
24	testKappa30.log	5.6234706883072185	1.3774577546536648	7.669360197664535	2.895893961972869	0.32432464596149596	14.820312331918847	1.0	31.0	2.7487819356471994	
25	testKappa31.log	3.6155191896775096	0.7493015801948557	4.171934635221139	2.300065831549297	0.18749342064986227	7.439603155273406	1.0	31.0	2.1792229252292667	
26	testKappa32.log	4.74804663451431	1.0703388539229521	5.959394527024542	2.4212746566402026	0.39341256592296997	16.77985990258106	1.0	31.0	2.4982231547242137	
27	testKappa33.log	3.9333988694808317	0.6235196595800364	3.4716105401336343	2.248655742290339	0.1719626428072137	11.063937408201904	1.0	31.0	2.490624133832104	
28	testKappa34.log	5.052003545418728	1.5787300562697406	7.114701271984382	2.4605533469241507	0.11561750066313727	13.557264165916083	1.5263850669570456	20.309423009359392	2.297411940293548	
29	testKappa35.log	3.742723819459211	0.8269535634257599	3.957996667616902	2.4776915244307722	0.24092474740815714	8.830998740559577	1.3532345932886145	22.90807532836134	2.0406690422881892	
30	testKappa36.log	6.4863323117807195	1.6162650531582636	8.99898296386215	3.80212220946535	0.12909034512762693	20.113556781499536	1.0	31.0	3.392691583495297	
31	testKappa37.log	3.1910807247890327	0.8875510261527778	4.5123849112254755	1.5913892628590298	0.266241738794914	11.366926414824471	1.199322766983657	25.847920887857565	1.5308507473443147	
32	testKappa38.log	4.844724903894067	1.4078026051490582	7.838313174848191	3.359577608640566	0.5608502635324183	9.117350359979296	1.0	31.0	2.7708198403353834	
33	testKappa39.log	4.668202855835166	1.0010618722439768	5.573676617267914	2.4351949725408177	0.31221152633291943	13.390038130584038	1.0	31.0	2.6981717171125137	
34	testKappa4.log	5.818331844640388	1.2397751985108179	6.902776168189049	1.9507186705326205	0.09866754739557908	17.79839267111791	1.0	31.0	2.5740989172066415	
35	testKappa40.log	7.246026671417223	2.008977491987845	11.18551328561756	4.952211654731007	0.048038224937890533	15.784800402777213	1.0	31.0	3.3340113478976323	
36	testKappa41.log	5.7136281353933365	1.3989212723737077	7.7888640067271595	2.7674725322995255	0.20775174896103923	19.690830456227193	1.0	31.0	2.628084859987389	
37	testKappa42.log	5.1956734063987025	1.174084793173423	6.194237177891913	2.5251521571290434	0.2033696246348953	15.08586167238354	1.113742926902863	27.83407126652282	2.441765788842231	
38	testKappa43.log	6.3906192218010975	1.792455830474544	9.979971694863057	2.6691517304412686	0.20554156398238033	20.841438584812394	1.0	31.0	2.9255303015367273	
39	testKappa44.log	7.3405646184845015	2.0647003259590497	11.495764894798327	2.9850603379086817	0.15934461895505844	23.475031756470067	1.0	31.0	3.3199115362065306	
40	testKappa45.log	8.831327397359267	2.870952516163163	15.98478710687044	3.5175984845067845	0.23413970253439836	38.91891973361883	1.0	31.0	3.225881928736164	
41	testKappa46.log	4.919908104477608	1.6861068321119883	5.90515827960547	3.2402538839121937	0.3870309304368102	13.617742295215546	2.5273697586229393	12.26571612413794	3.059659864738828	
42	testKappa47.log	5.126240500503325	1.0670868145486339	5.941287938089693	2.5875420780886	0.14124034019960383	13.642088407413242	1.0	31.0	2.642503545276902	
43	testKappa48.log	5.830865299484878	1.340024646375095	7.460941471401156	3.0646219366103096	0.37829225409984624	20.561909642615877	1.0	31.0	3.0168090815126805	
44	testKappa49.log	7.063480465033102	2.2243951163664106	9.952275737243689	2.3236276029604856	0.2321539971323106	29.85125727636754	1.548605365205361	20.018011493773354	2.906107700497009	
45	testKappa5.log	6.428820487185879	1.1953006982641448	6.655152630660946	3.6338651616796596	0.18021478981738703	20.351581614407003	1.0	31.0	3.659221505982187	
46	testKappa50.log	6.913458264955459	1.4121418257417018	7.8624729326263685	4.48585872096427	0.21246964999534265	24.372658063717566	1.0	31.0	3.554818007830929	
47	testKappa51.log	2.8312422379746165	0.5758635791780704	2.798554353523506	1.8561200085724503	0.01749741127971465	5.690696269632483	1.3126031007146153	23.617192419492834	1.6235090034963968	
48	testKappa52.log	4.909174059581858	0.7650155089720112	4.259426087866634	3.7957222177503587	0.1773401470563307	11.506311395310698	1.0	31.0	2.90559680095647	
49	testKappa53.log	3.9122210173364187	0.8248396076432766	4.592512572486933	2.0594743874469654	0.0811018639746803	9.369707018817225	1.0	31.0	2.1587118441931543	
50	testKappa54.log	10.716690586563352	5.631650369485271	31.355702231138615	2.7716735151332994	0.4341815901486907	21.78551181510261	1.0	31.0	3.5780259850067035	
51	testKappa55.log	5.970005763915208	1.1224190425308658	6.249364745165149	3.9516137701876937	0.22501540571024692	15.860189740091117	1.0	31.0	2.9291502606994753	
52	testKappa56.log	6.090188430903787	1.9823003925155598	8.690763766424134	3.817819707348864	0.4477273328172155	17.57897388699461	1.612815682416604	19.22104325867563	3.134329974266619	
53	testKappa57.log	5.551490067775002	1.5747130217978036	8.767631044450185	1.8889641478522734	0.44681318921180735	19.65086688674224	1.0	31.0	2.3042952413825106	
54	testKappa58.log	5.20537597260704	1.5564829432023364	8.666130262514754	2.018128982553595	0.11972406417428579	15.34111349124266	1.0	31.0	2.217638995939369	
55	testKappa59.log	10.700565863117573	5.927621108165255	33.00359756240151	2.9338819031207812	0.3940220220686987	16.1859866296637	1.0	31.0	3.017040222957665	
56	testKappa6.log	4.176582812023782	1.305278758282226	7.267484553922801	1.9994123826188164	0.4619670411261855	8.351853318844585	1.0	31.0	2.2984023477194904	
57	testKappa60.log	3.9563337560908787	1.1790060725633678	6.564427994378505	2.2803494492311045	0.25803730045584844	6.496272940843576	1.0	31.0	2.145289102899356	
58	testKappa61.log	4.617504661229843	1.1987299116392411	6.203133688603607	2.05691639771129	0.2348596427253207	11.843854886060903	1.1576628487019593	26.77809004129229	2.454058739880478	
59	testKappa62.log	6.053706482258821	1.7117126304754344	9.530412583367157	3.1298859435840884	0.25887672718932053	13.390105829622941	1.0	31.0	3.0765240072521816	
60	testKappa63.log	6.697113912152014	1.1165072497039996	6.216449275743289	4.427013982191996	0.2822948828995764	17.80959518036498	1.0	31.0	4.044974987075575	
61	testKappa64.log	6.694777597367987	2.3569416781876176	13.122895881081805	2.1412009420354035	0.49245514657312134	20.384188633671705	1.0	31.0	2.85918617253946	
62	testKappa65.log	4.668406672943735	0.822294405967509	4.578341489300379	3.796896370356299	0.3331174532491851	14.42448766048916	1.0	31.0	3.0197058148299396	
63	testKappa66.log	8.993444982708649	2.2734570815958612	12.658073319332981	3.0828901307162093	0.18824403982745083	39.577421636272966	1.0	31.0	3.7158197721271184	
64	testKappa67.log	7.3303830336361555	1.772750675861971	8.850892921917035	4.419906388245663	0.8152616624837703	21.472184446539416	1.243606088759316	24.92750741589498	4.3738263876762975	
65	testKappa68.log	3.9836916856898825	0.6420015469586592	3.574513334038168	3.192667306882368	0.1691905703910615	8.769614291855982	1.0	31.0	2.488618746341241	
66	testKappa69.log	9.406177888620208	3.8447556217519216	19.724115349505695	1.3707653139777658	0.2060303425241717	26.369537653393404	1.177888299393994	26.318285032586736	2.4160661705667064	
67	testKappa7.log	4.434279094567338	0.78579664875672	4.375130577378926	3.02774305794713	0.12390324839800776	10.45167907682275	1.0	31.0	2.441443421726402	
68	testKappa70.log	6.043188962846682	2.3582316966697285	13.130078400013895	2.8940279469919687	0.3183126231949253	12.323096676391064	1.0	31.0	2.7964163215381737	
69	testKappa71.log	15.805896222890555	6.187779739608721	27.04060270642983	5.54774883023816	0.2645116810424679	72.80329610626676	1.623299487117058	19.096907407428112	6.055282607089852	
70	testKappa72.log	4.1272277816784975	0.91152307213567	5.075145676934322	1.72580863537334	0.30261369409984434	9.59210854847181	1.0	31.0	2.3131687590604324	
71	testKappa73.log	4.230218943758757	0.9692635438224697	5.396631017485081	2.766265315955315	0.2482300362259286	9.0964002062916	1.0	31.0	2.455721606272204	
72	testKappa74.log	5.0950425317586765	1.533765890475562	6.449544241226031	2.454017723954349	0.12432406015488516	16.695757485607142	1.7531609635178944	17.682346712646037	2.5470129727223716	
73	testKappa75.log	4.756667362527418	1.0315572601144827	5.743467751083997	2.279777908850448	0.27333066049174476	13.644989158218143	1.0	31.0	2.3827182169947605	
74	testKappa76.log	5.7050205398801985	1.0541181226785312	5.869081317662812	5.024608728814671	0.32714086887593435	11.336426868575835	1.0	31.0	3.1338815410165775	
75	testKappa77.log	7.941203687416308	4.7371336118628635	16.581307255799565	2.14290419037645	0.22144578283358615	40.68564474676173	2.53020336189434	12.25197961036246	2.362394082287682	
76	testKappa78.log	5.298193530302374	1.2880117969532023	7.171346181980698	2.2018575226387025	0.36171686807947084	13.419728325194715	1.0	31.0	2.827103772552073	
77	testKappa79.log	4.334906321655134	1.269560277912156	7.06861247182388	1.1490689132043714	0.2101683665407949	11.931605361473677	1.0	31.0	1.8325529385576222	
78	testKappa8.log	3.7386989241719553	0.8358816878364955	4.653992273078249	1.4182891982868833	0.19348724208252832	11.395854306495812	1.0	31.0	1.9625736676451628	
79	testKappa80.log	5.991532787115669	1.9060904420587828	10.612662435625813	3.9213413584706798	0.3056461431951343	12.093441254973877	1.0	31.0	3.0074663156927457	
80	testKappa81.log	4.23321242110557	0.8594738665461443	4.785347964939349	1.9050009173209672	0.052890325470580826	15.128955241027406	1.0	31.0	2.065277793875153	
81	testKappa82.log	3.7857863595916825	1.1940274591328124	4.679639069598535	1.74166976826846	0.3068989996214783	16.551426867543157	2.018206526660317	15.360172306695544	2.0502030212373605	
82	testKappa83.log	10.012310766149596	2.7482526812120636	15.301623338504584	4.327028670155646	0.2092753285591895	36.102351719444904	1.0	31.0	4.385434910747748	
83	testKappa84.log	3.7543727915155904	0.6444684652860676	3.5882485539875244	2.456273772234732	0.3608795668047303	12.16240731940369	1.0	31.0	2.575820475267209	
84	testKappa85.log	5.856179443306792	1.3451159151474152	7.489288456233271	2.3776532719204333	0.3096662689833298	22.18703426412559	1.0	31.0	2.7119120376826467	
85	testKappa86.log	5.854705549332932	1.9435458746381484	10.218925389093918	2.5175237492139293	0.16013432114799891	19.08564285642162	1.1213490753486401	27.645271826136522	2.506177375480311	
86	testKappa87.log	8.075380390757724	2.9131241305911244	14.113161438346724	3.4919605418603603	0.30545955202333636	19.34897551278733	1.3207817408113074	23.470948334702026	3.7423160703464546	
87	testKappa88.log	4.3683458325381626	1.221354158662075	6.5194031057880215	2.022205668770109	0.16800300209786012	18.56069338462007	1.088000900373979	28.492623479763992	1.9159565742987161	
88	testKappa89.log	8.253319314158393	2.936285750361878	10.8208702302378	3.355675878567806	0.06261443119920941	29.122359096513012	2.2826217509549784	13.58087470560138	3.513386627788152	
89	testKappa9.log	3.48573571037424	0.9770637118099859	3.7916330765390605	1.7977927413267316	0.1197068443690853	9.83368824285005	2.058518882899789	15.059371209814213	1.894050797227675	
90	testKappa90.log	5.970635529260979	2.2697695913105425	12.637542242334103	2.3415987667296303	0.09779027101727689	10.893594106499894	1.0	31.0	2.5347486101036623	
91	testKappa91.log	5.012381909519207	1.158906088522356	6.452516019541509	3.799994044656953	0.08994206180479257	9.18995049180707	1.0	31.0	2.7000699221115214	
92	testKappa92.log	4.72380971006516	1.1210821243189435	6.24192109958879	2.376243734467628	0.11712254923632254	10.63008080917675	1.0	31.0	2.380952698927405	
93	testKappa93.log	3.6080569466028827	0.7234488254208495	4.027992588509444	2.4370876263037955	0.10943845991672152	10.27938135350863	1.0	31.0	1.9911227607940885	
94	testKappa94.log	4.977536446287221	1.2950570042881573	7.210572236309009	2.5508341083434716	0.1521547800399973	16.154192044010614	1.0	31.0	2.2846797769656164	
95	testKappa95.log	6.7395018544025875	1.3157438875312906	7.325751927608152	3.6576362021005284	0.39957206134738854	16.259897743310162	1.0	31.0	4.085343921009827	
96	testKappa96.log	5.401543113160902	1.0198321278087843	4.7931922518965875	3.2509698875871167	0.21114820630078088	10.63138762953305	1.403360910660517	22.08982718879443	3.2226884936095774	
97	testKappa97.log	6.541549159677766	1.8126045284515069	9.420653715194177	4.478256095593655	0.48611345686813023	19.493726740012693	1.147640152783765	27.01195137239236	3.6919997597022807	
98	testKappa98.log	5.207804540846819	1.3435429652129134	4.67227124377876	3.0376285112839003	0.2796607803020008	12.232628676352837	2.563354774605641	12.09352693084366	3.2030984009714896	
99	testKappa99.log	2.824332775659056	0.646071915604159	3.1729518003036348	1.5247740971763943	0.3797700706489006	9.338437014745086	1.2852762127476174	24.11932913138516	1.8131297916747864	
