sample	filename	hky.kappa.mean	hky.kappa.stderr	hky.kappa.stddev	hky.kappa.median	hky.kappa.95%HPDlo	hky.kappa.95%HPDup	hky.kappa.ACT	hky.kappa.ESS	hky.kappa.geometric-mean	
0	testKappa0.log	5.806609038876488	0.3612704664571357	8.822141812264004	2.950746371798662	0.03543551931342753	19.941866068840604	1.058147498757134	596.3251822086735	2.9491797286708623	
1	testKappa1.log	5.510986468900665	0.513694522919546	10.745597182960939	2.6959957913658337	0.03977026061132212	21.661344593335798	1.4420426894510872	437.5737310801734	2.64658429249508	
2	testKappa10.log	6.016988454511626	0.48220371373210436	12.112819076906414	2.6980932211017756	0.11396234992392959	20.712892677311697	1.0	631.0	2.6629497339636417	
3	testKappa11.log	5.49716499976309	0.3751715274819154	8.374757870857316	2.620917056460718	0.06663393029712995	22.443260474460292	1.2663232563469256	498.2929886483341	2.6129299968821886	
4	testKappa12.log	6.075436469862101	0.43936523081637624	9.870146848797445	2.743804027138138	0.05838448830216084	22.02969588649273	1.2503554831476213	504.6564825001067	2.761621575366795	
5	testKappa13.log	6.59323720808568	0.6315660877436184	14.976641624016217	2.437231549495435	0.0660489944316644	23.67141718521793	1.1221168618481243	562.33002234789	2.6541462200724557	
6	testKappa14.log	5.916441538025342	0.461904407848286	11.137046892546866	2.716754195460951	0.06939455617750451	19.022419851305006	1.0854091440946143	581.3475991363089	2.6564825357290744	
7	testKappa15.log	5.902419065111872	0.41595326818842393	10.448626873938705	2.6887363417650554	0.08029926218168132	19.113053769935494	1.0	631.0	2.753523938623938	
8	testKappa16.log	5.815975710954486	0.3463188427610346	8.699430066228299	3.028054667543296	0.052498299457493326	19.029150775583144	1.0	631.0	2.9474461707226665	
9	testKappa17.log	5.363299875719978	0.39696008347080364	9.971523517769588	2.686655675069746	0.1099824168758499	18.4584265182852	1.0	631.0	2.6810601960734544	
10	testKappa18.log	6.858694578376635	0.819466516830914	20.58476402251459	2.9004486721173497	0.0869084845919674	21.526239842787287	1.0	631.0	2.933380070697102	
11	testKappa19.log	5.580543929777915	0.3298810505726634	8.286517437952394	2.7626272528471363	0.044059208432224196	18.176798669567038	1.0	631.0	2.7969746419953223	
12	testKappa2.log	6.0728136034811495	0.4534795047276472	9.617131549326732	3.061727215611968	0.0662396486797973	24.221949274448576	1.402986762053667	449.7547782107035	2.9024227627767973	
13	testKappa20.log	6.026559530880596	0.41367499991676887	10.391397427965284	2.970271557260363	0.08883279459887575	20.763439363410384	1.0	631.0	2.8574284263524508	
14	testKappa21.log	5.85085894412624	0.5159134768239618	12.50207364302096	2.6829074856062314	0.06659332631021433	20.2939317926208	1.0745311235466994	587.2328741090919	2.7211093378013786	
15	testKappa22.log	5.4382772843175164	0.3465858480650993	8.706137162935786	2.861085882647422	0.04753537137357094	19.30753886053953	1.0	631.0	2.656672266685242	
16	testKappa23.log	6.0896595281609835	0.43838323852764216	10.234302622412613	2.7782483731668655	0.0843159961797615	20.336245739184243	1.157765839227006	545.0152169123365	2.8513898567215428	
17	testKappa24.log	5.813678020575358	0.37985814019009184	9.541927604416951	2.583890335027419	0.07386903248858927	22.261962173619327	1.0	631.0	2.6857029377934447	
18	testKappa25.log	5.714084032046879	0.4509829425010081	11.328562252261028	2.7217279903457574	0.07068610625190255	20.223255516149585	1.0	631.0	2.7045568336856127	
19	testKappa26.log	5.826424310104327	0.5681599997159654	14.272016343528412	2.4724280337328293	0.04028317839094897	19.368967770911933	1.0	631.0	2.538457571230366	
20	testKappa27.log	6.2358592414864695	0.43288459067252044	10.873936841784696	2.9108482115610643	0.02838093115890853	21.00099118714015	1.0	631.0	2.7697575654824385	
21	testKappa28.log	6.034055004536682	0.47620394426194984	11.063351679079075	2.4563754872692103	0.045909785173807525	24.33038334826821	1.1690737253948815	539.7435476422714	2.59456877820254	
22	testKappa29.log	6.3434238776596725	0.4586292950731513	10.404699801121343	2.8350711743854036	0.04052574935590471	23.4134869461616	1.2260094972425242	514.6779053663221	2.9034146564553835	
23	testKappa3.log	5.958647989791116	0.41319393301173535	10.379313165197049	2.57576386971736	0.07640931594749419	23.622909512711345	1.0	631.0	2.651905551449467	
24	testKappa30.log	6.11503931734056	0.4888498152405577	12.229302893004235	2.7675102663949094	0.07035535637995592	20.52269372687448	1.0082700494262804	625.8244012693303	2.7166634938037513	
25	testKappa31.log	5.604687124071594	0.3711212835196297	8.925158941040502	2.7513807535476453	0.11281921384168846	20.261323452596663	1.0910110884925048	578.362591045595	2.710608331766893	
26	testKappa32.log	5.572652616954509	0.36219349128484746	8.788410231346747	3.0334096012845273	0.05159616677007218	19.5541811970595	1.0717413833646943	588.7614398344848	2.777129546945342	
27	testKappa33.log	5.494133394349951	0.39664023550653565	9.40789715975173	2.74439647519355	0.05994694197743754	17.847684262525416	1.1215994071947704	562.5894556936265	2.647566797101435	
28	testKappa34.log	5.412930120648979	0.3286632351301989	8.25592626309506	2.8698884242022284	0.06840276080948393	18.43907590497404	1.0	631.0	2.678387419951066	
29	testKappa35.log	5.055660333027457	0.2980858553643092	6.529642439984928	2.792744821812494	0.05947681629755588	17.58570508585711	1.3150228403165982	479.83957438190475	2.719739454257065	
30	testKappa36.log	6.448172203602957	0.6271930849460787	15.754910524101271	3.011451016558018	0.05986797426955501	20.113556781499536	1.0	631.0	2.787232180943796	
31	testKappa37.log	6.069365632441477	0.48287287979229593	12.129628336538143	2.775382209340245	0.03151987620785108	20.699382295311654	1.0	631.0	2.7987027471405566	
32	testKappa38.log	5.968479822772725	0.46333491007354294	10.89472082149737	2.8369000271372107	0.1461661017126189	19.908151997503182	1.1412668283231007	552.8943664534158	2.826700136369056	
33	testKappa39.log	5.442056159276682	0.5121810115840355	12.865840206678774	2.410738199192698	0.0591923832800934	20.333123463904993	1.0	631.0	2.4943110601168423	
34	testKappa4.log	5.72059335089268	0.409308386991051	10.281709362855345	2.5627060537153596	0.04978977303636652	19.47759380139778	1.0	631.0	2.5573840302822926	
35	testKappa40.log	5.940498343742836	0.38213842992360614	9.599207828932872	2.8337189947238346	0.048038224937890533	19.995465430852274	1.0	631.0	2.938278470455508	
36	testKappa41.log	5.899679857283736	0.42248008480416327	10.26221393297761	2.761638284678664	0.09692749936427773	20.703734070185103	1.0694481032160847	590.0239554424688	2.789501554179828	
37	testKappa42.log	5.153536415130179	0.2718876617923643	6.829740134195	2.7262836803038346	0.02979375526835226	17.179251893879236	1.0	631.0	2.6240005045469004	
38	testKappa43.log	6.743893480358871	0.6935419751456338	13.767095601361511	2.6691517304412686	0.05054472470739378	20.994776576210263	1.6013645297412529	394.03895133230935	2.8672479153125843	
39	testKappa44.log	6.279043085121588	0.5625919549831765	12.067577062954895	2.8519487461551796	0.10161264179399342	23.475031756470067	1.3714381695393065	460.1009465938705	2.8408228304621916	
40	testKappa45.log	5.499972779285271	0.3441262190138039	8.644351986160487	2.589940463312334	0.04081534928008951	20.12908093228532	1.0	631.0	2.581180083960888	
41	testKappa46.log	5.5534830393235115	0.3532434847618224	8.220843768805244	2.8509580428029446	0.03445656028496779	19.960081856766376	1.1650508752573825	541.6072494350084	2.763017631059034	
42	testKappa47.log	5.40020655180658	0.46653743025520755	9.826491807673515	2.5875420780886	0.06603358600942884	20.604458231325292	1.4223463158070364	443.6331665414213	2.6790586331834025	
43	testKappa48.log	5.605601163839802	0.36278804036991197	9.113131589665718	2.8718145234341277	0.1162337951820315	20.944603105827742	1.0	631.0	2.7875041088468024	
44	testKappa49.log	5.827294546600941	0.38688846033598406	8.717880772878408	2.6573070336559304	0.06743999123479867	22.933957766451513	1.2427365208154457	507.7504277302136	2.7201960547425026	
45	testKappa5.log	6.224225585966961	0.5215487933208001	12.824299685332038	2.892376266172173	0.07878763688441329	21.00997701090364	1.0436429230932223	604.612924629238	2.845494660416036	
46	testKappa50.log	5.776442041608401	0.426108560342651	10.019082221749175	2.635098547011809	0.0580194579360326	19.641347072178952	1.1413372616863424	552.8602466440886	2.6109476514177348	
47	testKappa51.log	5.405480572396672	0.45093083109088516	11.327253228575216	2.3476177354374093	0.01749741127971465	18.545294894470167	1.0	631.0	2.419395830705789	
48	testKappa52.log	5.430496401719869	0.3500892144001366	8.794140721116607	2.380577025452603	0.07413792914364971	20.15743617394516	1.0	631.0	2.5414334337885243	
49	testKappa53.log	6.647766641801391	0.5890209219131138	11.579290122569782	2.8369874990124475	0.043287672417911004	25.719575325907904	1.6327772124262665	386.4581127160328	2.9448608568421486	
50	testKappa54.log	6.8833203947257715	0.6805070457036262	17.09414193717213	2.8811203610296814	0.04884385909222568	22.319939465460937	1.0	631.0	2.948839643157678	
51	testKappa55.log	6.735650161012629	0.7308608527440473	18.359015137325315	3.119150254884761	0.04747003172457038	19.117106090840586	1.0	631.0	3.0322977595673613	
52	testKappa56.log	6.7604626665082765	0.5387981549890423	13.534455219851486	2.762349150006271	0.07965917038401996	24.448947103669433	1.0	631.0	2.8717904773610012	
53	testKappa57.log	6.200265627792176	0.44919180887015486	11.283569488839174	2.5784278505050247	0.06697669444453531	25.70797724657273	1.0	631.0	2.6297514962667363	
54	testKappa58.log	6.522475908428815	0.4911859795189186	11.726675759603289	2.523049805729406	0.06518252908396371	28.038704487849916	1.1070607371732086	569.977760760632	2.6964956604242727	
55	testKappa59.log	5.606687440011469	0.43209786850662973	10.491932784219017	2.802227244205972	0.12091836484911359	21.035607635129498	1.0702435222716884	589.585441882092	2.7244745075192536	
56	testKappa6.log	5.713352386097087	0.36523285864519195	9.17454472399266	2.6917298839805914	0.0878897395235934	20.693905808242178	1.0	631.0	2.720751170882099	
57	testKappa60.log	5.655327102065305	0.432413096594232	10.416012169661084	2.3836455162198824	0.10154161385041216	21.6221379327425	1.0874870151589526	580.2368131335985	2.4283860721840758	
58	testKappa61.log	6.185234484773238	0.4651713985899177	10.190918468763272	2.743338768885871	0.057015281425467315	22.396951552443323	1.3147062059792294	479.9551391255614	2.826675360204634	
59	testKappa62.log	5.555186632707572	0.49767670816851095	12.501496262188935	2.5490716775685662	0.05398168068317662	17.676454451817158	1.0	631.0	2.4632450534898824	
60	testKappa63.log	6.243625587400528	0.42568889765453566	10.693183095644468	2.7976400297716033	0.06344324407856605	20.89529619784694	1.0	631.0	2.8126118354175826	
61	testKappa64.log	5.434274555071168	0.3376469796853471	8.481595351347062	2.639299981274507	0.0587195370818523	21.08956065278998	1.0	631.0	2.5910145001679528	
62	testKappa65.log	5.90972779915155	0.4752867941231064	11.939068038896274	2.872025514976108	0.009044225750484752	21.11702054621313	1.0	631.0	2.6774146502356184	
63	testKappa66.log	6.117829499214264	0.3963520376222865	9.956249580336491	2.6784190031400095	0.029805065075844284	21.701781438773082	1.0	631.0	2.7084940240214626	
64	testKappa67.log	6.405626907888429	0.43367452402533785	10.893779741192159	2.957154442013457	0.08483730764840357	24.454572668767078	1.0	631.0	2.9233499154523654	
65	testKappa68.log	5.664726450941385	0.39552543057160955	9.284279009163875	2.459624154604791	0.06452204463638547	23.058912635323612	1.1452012584847588	550.9948538083953	2.5867834986903966	
66	testKappa69.log	5.956640325820003	0.5618187603819811	13.185011823379574	2.5012368508492093	0.12096900079225799	21.09446623893241	1.1456732854614848	550.7678393197665	2.4674575558262575	
67	testKappa7.log	5.782236139829132	0.44393616019630827	10.455990249612816	2.7361006078877264	0.060868147185806895	20.471874279960556	1.1374702918778687	554.739762880551	2.734035789472715	
68	testKappa70.log	6.245891594209933	0.4601184982748944	10.909404909431247	2.647980773818071	0.08834757878963236	24.870749583899673	1.1224490178621407	562.1636171964645	2.86691112282241	
69	testKappa71.log	6.821800156405807	0.6784009626418251	15.31322939661213	2.800290997466236	0.1073173413366121	22.633281104504793	1.2384220996732678	509.51933122517465	2.888921629797468	
70	testKappa72.log	6.113805091227351	0.4435122789700333	11.03365112417769	2.6741417314261575	0.09864951568871885	20.852575564948022	1.0195350480750371	618.9095717615377	2.8744236003707067	
71	testKappa73.log	6.001437337260888	0.42607135207509983	10.70279024106772	2.6712099869637647	0.11405016206153738	20.870057972424007	1.0	631.0	2.710273128992529	
72	testKappa74.log	5.736962647140817	0.4102458413439046	10.305257947500388	2.5960833996779873	0.04353384968083509	21.575552294384117	1.0	631.0	2.6959700140773033	
73	testKappa75.log	5.945385936901828	0.5615999890409807	11.547086948896174	2.4678896328588387	0.018271110733355668	20.316060542286493	1.4925836104118002	422.75688651432307	2.6419389922763714	
74	testKappa76.log	5.3226050341873306	0.30632648900832193	7.571840420380228	2.4627877948386265	0.06619768774268857	20.7337331555873	1.0327508492933897	610.9895725883272	2.573473768626305	
75	testKappa77.log	6.979515612565185	0.5653294242109487	13.253677063016331	3.1079694556785067	0.03190914026516657	27.647375126279577	1.1480472713798862	549.6289357855227	3.0521797562818693	
76	testKappa78.log	5.651694759425354	0.37782411297155194	9.490833423691987	2.8286176119526902	0.07627722136755292	18.94287888708295	1.0	631.0	2.749204430371586	
77	testKappa79.log	5.589242203921179	0.3674138005579106	9.229329359725847	2.5834769530239585	0.0862868298181105	21.6487330038217	1.0	631.0	2.6870009389209133	
78	testKappa8.log	6.142102654665888	0.417533619640376	10.48832484944218	2.5993685520398944	0.1207125965478674	22.614064193788415	1.0	631.0	2.8027898237973448	
79	testKappa80.log	5.696755072714709	0.4081356361738325	10.252250198467502	2.5827392058618015	0.0823979721161964	19.643976164807466	1.0	631.0	2.6339495334173426	
80	testKappa81.log	5.630583968329369	0.41269992282572004	10.366903770920429	2.715073269270281	0.0866044808941761	19.51651029591946	1.0	631.0	2.604265267884955	
81	testKappa82.log	6.471630333023699	0.49363807766635814	12.400047021550712	3.0340733517705685	0.04941102851201077	22.992659891056846	1.0	631.0	2.9080750806546822	
82	testKappa83.log	6.593433670783708	0.8977208575034628	21.358951167992984	2.876108916750362	0.08914450892184313	20.60734777614636	1.114684968797006	566.0792220792122	2.8642785208811063	
83	testKappa84.log	5.212057118157426	0.33645142867336236	7.903544770559713	2.6501778770450035	0.08069747059408078	18.834942371605738	1.1434844874331245	551.8220902291894	2.567109667225999	
84	testKappa85.log	7.01373499289203	0.5139879278526919	12.911229425438533	2.755356870012323	0.08628246862835776	26.107964404682924	1.0	631.0	2.9582693106594427	
85	testKappa86.log	5.309590361575005	0.3577325054062255	8.986138000424864	2.5222913476518123	0.04740286777349449	19.08564285642162	1.0	631.0	2.4070151072108192	
86	testKappa87.log	5.621562298790552	0.37841072731375586	9.249546176329794	2.694787635084881	0.10991886185363063	19.621724622873128	1.0561251587449088	597.4670660718618	2.7173615295025075	
87	testKappa88.log	5.376610455729885	0.36916464680515804	9.177632827139435	2.7460658616523856	0.058299980626688924	19.265295154906497	1.0209587832914084	618.0464973970414	2.55560444353047	
88	testKappa89.log	6.019864872345719	0.4267103722421559	9.627302906858402	2.639361613042149	0.031755831438476524	24.095858679341834	1.2396140377053515	509.02940819228183	2.7450939335251094	
89	testKappa9.log	6.336804947264512	0.5274294667370618	13.248877029521543	2.889573413062958	0.06768094395442156	23.075569825780875	1.0	631.0	2.792880033755939	
90	testKappa90.log	5.589081747275524	0.4009719944041747	10.072301570498531	2.6989363776113042	0.039385467462591583	17.765974523507257	1.0	631.0	2.6402948379965983	
91	testKappa91.log	5.8801794145045205	0.5625671666760466	14.131525980616113	2.5423160381537255	0.08887489930151408	21.747708522398934	1.0	631.0	2.689525217412939	
92	testKappa92.log	5.765119465565829	0.3424878229237156	8.402545311664689	2.6146197378821077	0.051303385682232056	22.233831020449408	1.04832973098468	601.9098584634354	2.7624622728380244	
93	testKappa93.log	6.65135594621502	0.5408414346164251	13.585781818434603	2.8111773180022075	0.07329701583029725	23.371389716944922	1.0	631.0	2.845376146672143	
94	testKappa94.log	5.324951932935442	0.32833784584773257	8.247752577584482	2.555274925793561	0.0470494447451708	19.21133381385431	1.0	631.0	2.52907013241591	
95	testKappa95.log	6.450223872122323	0.4926751367073564	12.375858220664348	3.1312998871712856	0.02680442388263667	18.183926570662223	1.0	631.0	3.019330376297181	
96	testKappa96.log	6.017724900523975	0.4525808686786871	11.367990902570934	2.786387048185284	0.04756715184822321	18.361031202855074	1.0001250563084145	630.9210993364162	2.818596275120111	
97	testKappa97.log	5.748005225891447	0.3218466586067398	8.084695814632731	3.219289560109053	0.02797833167570903	19.222391953410458	1.0	631.0	2.949520348622281	
98	testKappa98.log	5.9699320676363765	0.3939971612138869	9.897095759925916	2.665005571099053	0.06474535980660248	23.087442653733635	1.0	631.0	2.6665901913389614	
99	testKappa99.log	5.689842398918346	0.43138539149043736	10.836277388039994	2.502123700672242	0.058189483864752714	21.872725397682753	1.0	631.0	2.4466808310606987	
